LATITUDE=59.909142373092884
LONGITUDE=30.45371501735881
